Coefficients: [8155.26540539]
Intercept: 35063.623146044316
